"0","rivers_leaf
"
"1","NULL
"
